2048	4	45523	G72	4	21	118.395824	25.09189347
1024	2	1298	G25	27	2	116.4621259	25.19618503
2049	2	45523	G72	4	21	118.395824	25.09189347
1025	4	1299	G25	27	2	116.4621378	25.1983616
1026	2	1202	G70	13	6	117.5416626	26.6878243
1028	2	1299	G25	27	2	116.4621378	25.1983616
1029	4	1300	G25	27	2	116.4621305	25.19702495
1030	2	1300	G25	27	2	116.4621305	25.19702495
1031	3	1301	G25	26	3	116.5749154	25.33188085
2056	3	45526	G72	7	17	118.2350923	25.28935928
2057	1	45526	G72	7	17	118.2350923	25.28935928
1033	1	1301	G25	26	3	116.5749154	25.33188085
1034	4	1302	G25	26	3	116.572528	25.3309019
1035	2	1302	G25	26	3	116.572528	25.3309019
1036	3	1303	G25	26	3	116.5824996	25.33455341
1037	1	1303	G25	26	3	116.5824996	25.33455341
1038	4	1304	G25	26	3	116.58596	25.33478613
1039	2	1304	G25	26	3	116.58596	25.33478613
2066	3	45531	G72	12	14	118.1053591	25.43381687
2067	1	45531	G72	12	14	118.1053591	25.43381687
1056	1	1228	G25	1	28	118.688165	27.42535928
1057	2	1228	G25	1	28	118.688165	27.42535928
1058	1	1229	G25	1	28	118.6857063	27.42880009
1059	2	1229	G25	1	28	118.6857063	27.42880009
1062	3	1230	G25	2	27	118.6962442	27.27672555
1063	4	1230	G25	2	27	118.6962442	27.27672555
1064	1	1230	G25	2	27	118.6962442	27.27672555
1065	2	1230	G25	2	27	118.6962442	27.27672555
1066	1	1232	G25	2	27	118.6866896	27.26067574
1067	2	1232	G25	2	27	118.6866896	27.26067574
1068	1	1231	G25	2	27	118.6866204	27.26022456
1069	2	1231	G25	2	27	118.6866204	27.26022456
1070	1	1233	G25	3	26	118.6790359	27.21742064
1071	2	1233	G25	3	26	118.6790359	27.21742064
1072	1	1233	G25	3	26	118.6790359	27.21742064
1073	2	1233	G25	3	26	118.6790359	27.21742064
1074	1	1234	G25	4	25	118.6051822	27.11607862
1075	2	1234	G25	4	25	118.6051822	27.11607862
1076	1	1234	G25	4	25	118.6051822	27.11607862
1077	2	1234	G25	4	25	118.6051822	27.11607862
1078	1	1235	G25	4	25	118.5812712	27.1098999
1079	2	1235	G25	4	25	118.5812712	27.1098999
1080	1	1235	G25	4	25	118.5812712	27.1098999
1081	2	1235	G25	4	25	118.5812712	27.1098999
1082	1	1236	G25	4	25	118.557378	27.10633583
1083	2	1236	G25	4	25	118.557378	27.10633583
1084	1	1212	G25	4	25	118.5387446	27.09965712
1085	2	1212	G25	4	25	118.5387446	27.09965712
1086	1	1213	G25	5	24	118.515845	27.08686064
1087	3	1213	G25	5	24	118.515845	27.08686064
1088	2	1213	G25	5	24	118.515845	27.08686064
1089	4	1213	G25	5	24	118.515845	27.08686064
1123	3	1124	G72	20	5	117.3030331	26.06300379
1124	1	1124	G72	20	5	117.3030331	26.06300379
1125	4	1124	G72	20	5	117.3030331	26.06300379
1126	2	1124	G72	20	5	117.3030331	26.06300379
1127	3	1125	G72	20	5	117.2961666	26.07981047
1128	1	1125	G72	20	5	117.2961666	26.07981047
1129	4	1125	G72	20	5	117.2961666	26.07981047
1130	2	1125	G72	20	5	117.2961666	26.07981047
1131	3	1126	G72	20	5	117.2995776	26.07139975
1132	1	1126	G72	20	5	117.2995776	26.07139975
1133	4	1127	G72	20	5	117.29924	26.07224032
1134	2	1127	G72	20	5	117.29924	26.07224032
1142	4	45578	G70	6	13	118.7575022	26.1687079
1143	2	45578	G70	6	13	118.7575022	26.1687079
1144	3	45580	G70	7	12	118.7267522	26.18226592
1145	1	45580	G70	7	12	118.7267522	26.18226592
1154	3	1017	G15	46	10	117.8160247	24.50591065
1155	3	1017	G15	46	10	117.8160247	24.50591065
2180	4	45577	G70	6	13	118.7749916	26.17680937
1156	1	1017	G15	46	10	117.8160247	24.50591065
2181	2	45577	G70	6	13	118.7749916	26.17680937
1157	4	1017	G15	46	10	117.8160247	24.50591065
2182	3	45579	G70	6	13	118.7432111	26.16984971
1158	4	1017	G15	46	10	117.8160247	24.50591065
2183	1	45579	G70	6	13	118.7432111	26.16984971
1159	2	1017	G15	46	10	117.8160247	24.50591065
1160	3	1132	G15	46	10	117.7998696	24.49814096
1161	1	1132	G15	46	10	117.7998696	24.49814096
1162	4	1132	G15	46	10	117.7998696	24.49814096
1163	2	1132	G15	46	10	117.7998696	24.49814096
1164	3	1133	G15	47	9	117.7839832	24.48500807
1165	1	1133	G15	47	9	117.7839832	24.48500807
1166	4	1133	G15	47	9	117.7839832	24.48500807
1167	2	1133	G15	47	9	117.7839832	24.48500807
158	1	1457	S35	0	7	119.2103611	25.92562535
159	3	1457	S35	0	7	119.2103611	25.92562535
160	5	1457	S35	0	7	119.2103611	25.92562535
161	2	1458	S35	0	7	119.1911089	25.91632123
162	4	1458	S35	0	7	119.1911089	25.91632123
163	6	1458	S35	0	7	119.1911089	25.91632123
1217	1	1174	S35	3	4	118.849246	25.77071261
1218	3	1383	S35	1	6	119.0006042	25.86282623
1219	4	1383	S35	1	6	119.0006042	25.86282623
1220	5	1383	S35	1	6	119.0006042	25.86282623
1221	6	1383	S35	1	6	119.0006042	25.86282623
1222	1	1128	S35	2	5	118.9271271	25.8462726
1223	2	1128	S35	2	5	118.9271271	25.8462726
1224	3	1128	S35	2	5	118.9271271	25.8462726
1225	4	1128	S35	2	5	118.9271271	25.8462726
1226	5	1128	S35	2	5	118.9271271	25.8462726
1227	6	1128	S35	2	5	118.9271271	25.8462726
1228	1	1179	G70	10	10	118.1221237	26.51411539
1229	3	1179	G70	10	10	118.1221237	26.51411539
1230	1	1180	G70	9	10	118.1256502	26.50802955
1231	3	1180	G70	9	10	118.1256502	26.50802955
1234	2	1179	G70	10	10	118.1221237	26.51411539
1235	4	1179	G70	10	10	118.1221237	26.51411539
1241	3	1055	G72	21	4	117.0792666	26.19998357
1242	1	1055	G72	21	4	117.0792666	26.19998357
1243	4	1056	G72	21	4	117.0882173	26.19630165
1244	2	1056	G72	21	4	117.0882173	26.19630165
1245	3	1057	G72	24	1	116.7084769	26.27238887
1246	1	1057	G72	24	1	116.7084769	26.27238887
1247	4	1057	G72	24	1	116.7084769	26.27238887
224	4	1282	G15	51	5	117.7213417	24.05745473
1248	2	1057	G72	24	1	116.7084769	26.27238887
225	2	1282	G15	51	5	117.7213417	24.05745473
226	3	1282	G15	51	5	117.7213417	24.05745473
1250	2	1178	G25	8	21	118.2612998	26.79062841
1251	4	1178	G25	8	21	118.2612998	26.79062841
1252	1	1178	G25	8	21	118.2612998	26.79062841
229	2	1019	G15	56	0	117.340391	23.77046056
1253	3	1178	G25	8	21	118.2612998	26.79062841
230	3	1019	G15	56	0	117.340391	23.77046056
231	4	1020	G15	55	1	117.385258	23.88551767
232	4	1103	G15	54	2	117.4108713	23.94249911
233	2	1103	G15	54	2	117.4108713	23.94249911
234	3	1103	G15	54	2	117.4108713	23.94249911
235	1	1103	G15	54	2	117.4108713	23.94249911
1259	3	1058	G72	23	2	116.8121864	26.21038603
236	4	1162	G15	52	4	117.7191	24.05150272
1260	1	1058	G72	23	2	116.8121864	26.21038603
237	2	1162	G15	52	4	117.7191	24.05150272
1261	4	1058	G72	23	2	116.8121864	26.21038603
238	3	1162	G15	52	4	117.7191	24.05150272
1262	2	1058	G72	23	2	116.8121864	26.21038603
239	1	1162	G15	52	4	117.7191	24.05150272
1263	3	1090	G72	22	3	116.9266377	26.18213899
240	4	1129	G15	51	5	117.83096	24.17695117
1264	1	1090	G72	22	3	116.9266377	26.18213899
241	2	1129	G15	51	5	117.83096	24.17695117
1265	4	1090	G72	22	3	116.9266377	26.18213899
242	3	1129	G15	51	5	117.83096	24.17695117
1266	2	1090	G72	22	3	116.9266377	26.18213899
243	1	1129	G15	51	5	117.83096	24.17695117
1267	3	1092	G72	22	3	116.9241208	26.18313891
1268	1	1092	G72	22	3	116.9241208	26.18313891
1269	4	1092	G72	22	3	116.9241208	26.18313891
1270	2	1092	G72	22	3	116.9241208	26.18313891
1271	3	1093	G72	22	3	116.9188895	26.18462221
1272	1	1093	G72	22	3	116.9188895	26.18462221
1273	4	1094	G72	22	3	116.9206098	26.18423413
250	1	1475	S35	3	4	118.9089308	25.83441028
1274	2	1094	G72	22	3	116.9206098	26.18423413
251	3	1475	S35	3	4	118.9089308	25.83441028
1275	3	1095	G72	25	1	116.5248098	26.26261032
1276	1	1095	G72	25	1	116.5248098	26.26261032
1277	4	1095	G72	25	1	116.5248098	26.26261032
1278	2	1095	G72	25	1	116.5248098	26.26261032
1279	3	1096	G72	21	4	117.1183864	26.18928738
1280	1	1096	G72	21	4	117.1183864	26.18928738
1281	4	1096	G72	21	4	117.1183864	26.18928738
1282	2	1096	G72	21	4	117.1183864	26.18928738
1283	3	1097	G72	21	4	117.1703814	26.19184897
1284	1	1097	G72	21	4	117.1703814	26.19184897
1285	4	1097	G72	21	4	117.1703814	26.19184897
1286	2	1097	G72	21	4	117.1703814	26.19184897
1287	3	1098	G72	21	4	117.1604295	26.18965683
1288	1	1098	G72	21	4	117.1604295	26.18965683
1289	4	1098	G72	21	4	117.1604295	26.18965683
1290	2	1098	G72	21	4	117.1604295	26.18965683
1314	2	998	G3	0	11	118.5191308	28.23063307
1315	4	1077	G3	11	0	118.3220743	27.09788824
1316	2	1077	G3	11	0	118.3220743	27.09788824
1317	3	1078	G3	11	0	118.3071669	27.09875729
1318	1	1078	G3	11	0	118.3071669	27.09875729
1319	4	1079	G25	7	22	118.3368165	26.99464126
1320	2	1079	G25	7	22	118.3368165	26.99464126
1323	4	1081	G25	7	22	118.3401898	26.98138376
1324	2	1081	G25	7	22	118.3401898	26.98138376
1325	3	1082	G25	7	22	118.3401898	26.98138376
1326	1	1082	G25	7	22	118.3401898	26.98138376
1329	3	1084	G25	7	22	118.3268435	26.92483494
1330	1	1084	G25	7	22	118.3268435	26.92483494
1331	4	1085	G25	9	20	118.213214	26.70356579
1332	2	1085	G25	9	20	118.213214	26.70356579
1333	3	1086	G25	9	20	118.2335777	26.71249137
1334	1	1086	G25	9	20	118.2335777	26.71249137
1335	4	1087	G25	10	19	118.1603062	26.6785563
1336	2	1087	G25	10	19	118.1603062	26.6785563
1343	2	1176	G25	6	22	118.352647	27.04897897
1344	4	1176	G25	6	22	118.352647	27.04897897
321	4	1396	G1514	0	18	119.7138417	26.84033552
1345	1	1176	G25	6	22	118.352647	27.04897897
322	2	1396	G1514	0	18	119.7138417	26.84033552
1346	3	1176	G25	6	22	118.352647	27.04897897
327	4	1377	G15	5	51	120.1476461	26.93872102
1351	2	1110	G3	6	5	118.2067615	27.58124527
328	2	1377	G15	5	51	120.1476461	26.93872102
1352	3	1111	G3	6	5	118.0794949	27.49361375
1353	1	1111	G3	6	5	118.0794949	27.49361375
1354	4	1111	G3	6	5	118.0794949	27.49361375
1355	2	1111	G3	6	5	118.0794949	27.49361375
1356	3	1112	G3	7	4	118.0626789	27.47946857
333	3	1379	G15	1	55	120.2245937	27.27822351
1357	3	1112	G3	7	4	118.0626789	27.47946857
334	1	1379	G15	1	55	120.2245937	27.27822351
1358	1	1112	G3	7	4	118.0626789	27.47946857
335	4	1379	G15	1	55	120.2245937	27.27822351
1359	2	1112	G3	7	4	118.0626789	27.47946857
336	2	1379	G15	1	55	120.2245937	27.27822351
1360	4	1112	G3	7	4	118.0626789	27.47946857
1361	3	1112	G3	7	4	118.0626789	27.47946857
1362	3	1113	G1514	13	5	118.046927	27.50813007
1363	3	1113	G1514	13	5	118.046927	27.50813007
1364	1	1113	G1514	13	5	118.046927	27.50813007
1365	2	1113	G1514	13	5	118.046927	27.50813007
1366	4	1113	G1514	13	5	118.046927	27.50813007
1367	3	1113	G1514	13	5	118.046927	27.50813007
1368	3	1114	G3	9	2	118.1228942	27.24223473
1369	1	1114	G3	9	2	118.1228942	27.24223473
1370	4	1114	G3	9	2	118.1228942	27.24223473
1371	2	1114	G3	9	2	118.1228942	27.24223473
1372	3	1115	G1514	14	4	118.0266211	27.50469628
1373	3	1115	G1514	14	4	118.0266211	27.50469628
1374	1	1115	G1514	14	4	118.0266211	27.50469628
1375	2	1115	G1514	14	4	118.0266211	27.50469628
1376	4	1115	G1514	14	4	118.0266211	27.50469628
1377	3	1115	G1514	14	4	118.0266211	27.50469628
1378	3	1116	G1514	16	2	117.9960763	27.61183338
1379	3	1116	G1514	16	2	117.9960763	27.61183338
1380	1	1116	G1514	16	2	117.9960763	27.61183338
1381	2	1116	G1514	16	2	117.9960763	27.61183338
1382	4	1116	G1514	16	2	117.9960763	27.61183338
1383	3	1116	G1514	16	2	117.9960763	27.61183338
372	5	1219	S35	5	2	118.7105947	25.56122492
1396	2	1009	G3	3	8	118.4854764	27.82754703
373	6	1219	S35	5	2	118.7105947	25.56122492
1397	3	1010	G3	4	7	118.398733	27.77110481
374	5	1414	S35	5	2	118.7128579	25.5360609
1398	1	1010	G3	4	7	118.398733	27.77110481
375	6	1414	S35	5	2	118.7128579	25.5360609
1399	4	1011	G3	4	7	118.3875716	27.76557856
376	5	1415	S35	6	1	118.6836699	25.43235716
1400	2	1011	G3	4	7	118.3875716	27.76557856
377	6	1415	S35	6	1	118.6836699	25.43235716
1401	3	1012	G3	4	7	118.3743983	27.72397548
1402	1	1012	G3	4	7	118.3743983	27.72397548
1403	4	1012	G3	4	7	118.3743983	27.72397548
380	5	1413	S35	4	3	118.7354242	25.65005754
1404	2	1012	G3	4	7	118.3743983	27.72397548
381	6	1413	S35	4	3	118.7354242	25.65005754
394	3	1394	G15	8	48	119.7512882	26.83484555
395	1	1394	G15	8	48	119.7512882	26.83484555
396	4	1395	G15	8	48	119.7345688	26.83691642
397	2	1395	G15	8	48	119.7345688	26.83691642
398	3	1396	G1514	0	18	119.7138417	26.84033552
399	1	1396	G1514	0	18	119.7138417	26.84033552
400	4	1019	G15	56	0	117.340391	23.77046056
401	1	1019	G15	56	0	117.340391	23.77046056
402	2	1020	G15	55	1	117.385258	23.88551767
1426	3	1104	G3	5	6	118.3080591	27.67291472
403	3	1020	G15	55	1	117.385258	23.88551767
1427	1	1104	G3	5	6	118.3080591	27.67291472
404	1	1020	G15	55	1	117.385258	23.88551767
1428	3	1105	G3	5	6	118.295828	27.66784815
1429	1	1105	G3	5	6	118.295828	27.66784815
1430	3	1106	G3	5	6	118.2835969	27.66278158
1431	1	1106	G3	5	6	118.2835969	27.66278158
408	1	1417	S35	7	0	118.6399715	25.35268305
1432	4	1107	G3	5	6	118.2684798	27.64978323
409	2	1417	S35	7	0	118.6399715	25.35268305
1433	2	1107	G3	5	6	118.2684798	27.64978323
410	3	1417	S35	7	0	118.6399715	25.35268305
1434	4	1108	G3	5	6	118.2835969	27.66278158
411	4	1417	S35	7	0	118.6399715	25.35268305
1435	2	1108	G3	5	6	118.2835969	27.66278158
1436	4	1109	G3	5	6	118.2967017	27.66821005
1437	2	1109	G3	5	6	118.2967017	27.66821005
1438	3	1110	G3	6	5	118.2067615	27.58124527
1439	1	1110	G3	6	5	118.2067615	27.58124527
1440	4	1110	G3	6	5	118.2067615	27.58124527
1441	3	1014	G1501	5	1	119.4017545	26.23321056
1442	1	1014	G1501	5	1	119.4017545	26.23321056
1451	3	995	G3	0	11	118.5112699	28.24913264
1452	1	995	G3	0	11	118.5112699	28.24913264
1453	3	996	G3	0	11	118.5189145	28.23118732
1454	1	996	G3	0	11	118.5189145	28.23118732
1455	4	997	G3	0	11	118.5241135	28.21544137
1456	2	997	G3	0	11	118.5241135	28.21544137
1457	4	998	G3	0	11	118.5191308	28.23063307
1465	3	999	G3	0	11	118.5535483	28.18903215
1466	1	999	G3	0	11	118.5535483	28.18903215
1467	3	1000	G3	0	11	118.560576	28.18387855
1468	1	1000	G3	0	11	118.560576	28.18387855
1469	4	1001	G3	0	11	118.5655611	28.17714595
1470	2	1001	G3	0	11	118.5655611	28.17714595
1473	3	1003	G3	1	11	118.517894	28.05385357
1474	1	1003	G3	1	11	118.517894	28.05385357
1475	4	1003	G3	1	11	118.517894	28.05385357
1476	2	1003	G3	1	11	118.517894	28.05385357
1481	3	1005	G3	2	9	118.5142754	27.88955266
1482	1	1005	G3	2	9	118.5142754	27.88955266
1483	4	1005	G3	2	9	118.5142754	27.88955266
1484	2	1005	G3	2	9	118.5142754	27.88955266
1485	3	1006	G3	3	8	118.4895456	27.83660826
1486	1	1006	G3	3	8	118.4895456	27.83660826
1487	3	1007	G3	3	8	118.485037	27.82688878
1488	1	1007	G3	3	8	118.485037	27.82688878
1489	4	1008	G3	3	8	118.4780962	27.82100088
1490	2	1008	G3	3	8	118.4780962	27.82100088
1491	4	1009	G3	3	8	118.4854764	27.82754703
497	3	1219	S35	5	2	118.7105947	25.56122492
498	4	1219	S35	5	2	118.7105947	25.56122492
499	1	1413	S35	4	3	118.7354242	25.65005754
500	2	1413	S35	4	3	118.7354242	25.65005754
501	3	1413	S35	4	3	118.7354242	25.65005754
502	4	1413	S35	4	3	118.7354242	25.65005754
503	1	1414	S35	5	2	118.7128579	25.5360609
504	2	1414	S35	5	2	118.7128579	25.5360609
505	3	1414	S35	5	2	118.7128579	25.5360609
506	4	1414	S35	5	2	118.7128579	25.5360609
507	1	1415	S35	6	1	118.6836699	25.43235716
508	2	1415	S35	6	1	118.6836699	25.43235716
509	3	1415	S35	6	1	118.6836699	25.43235716
510	4	1415	S35	6	1	118.6836699	25.43235716
519	1	1420	G15	45	11	117.9971418	24.58540371
520	3	1420	G15	45	11	117.9971418	24.58540371
1544	3	1039	G72	12	14	118.0079598	25.50379793
521	5	1420	G15	45	11	117.9971418	24.58540371
1545	1	1039	G72	12	14	118.0079598	25.50379793
522	7	1420	G15	45	11	117.9971418	24.58540371
1546	4	1039	G72	12	14	118.0079598	25.50379793
523	2	1420	G15	45	11	117.9971418	24.58540371
1547	2	1039	G72	12	14	118.0079598	25.50379793
524	4	1420	G15	45	11	117.9971418	24.58540371
1548	3	1040	G72	12	14	118.1227789	25.42560628
525	6	1420	G15	45	11	117.9971418	24.58540371
1549	1	1040	G72	12	14	118.1227789	25.42560628
526	8	1420	G15	45	11	117.9971418	24.58540371
1550	4	1041	G72	12	14	118.1073031	25.43257229
1551	2	1041	G72	12	14	118.1073031	25.43257229
1554	3	1043	G25	16	13	117.6434939	26.31062958
1555	1	1043	G25	16	13	117.6434939	26.31062958
1556	3	1044	G72	17	9	117.4192472	25.84056018
1557	1	1044	G72	17	9	117.4192472	25.84056018
1558	4	1044	G72	17	9	117.4192472	25.84056018
1559	2	1044	G72	17	9	117.4192472	25.84056018
1560	3	1045	G72	18	8	117.3496119	25.92311726
1561	1	1045	G72	18	8	117.3496119	25.92311726
1562	4	1045	G72	18	8	117.3496119	25.92311726
1563	2	1045	G72	18	8	117.3496119	25.92311726
1574	4	1049	G25	19	10	117.3365314	25.98167429
1575	2	1049	G25	19	10	117.3365314	25.98167429
1576	4	1050	G25	19	10	117.3473408	25.99275957
1577	2	1050	G25	19	10	117.3473408	25.99275957
563	2	1322	G1514	18	0	117.8668025	27.91031044
564	3	1323	G1514	18	0	117.9247961	27.82300999
565	1	1323	G1514	18	0	117.9247961	27.82300999
566	4	1324	G1514	18	0	117.9174766	27.82939863
567	2	1324	G1514	18	0	117.9174766	27.82939863
1591	1	950	G72	5	20	118.3915653	25.11833703
568	3	1325	G1514	18	0	117.863298	27.91376031
1592	6	929	G72	5	20	118.3947264	25.13838313
569	1	1325	G1514	18	0	117.863298	27.91376031
1593	4	929	G72	5	20	118.3947264	25.13838313
570	3	1326	G1514	18	0	117.8562489	27.92063156
1594	2	929	G72	5	20	118.3947264	25.13838313
571	1	1326	G1514	18	0	117.8562489	27.92063156
572	4	1327	G1514	18	0	117.8597737	27.91719826
573	2	1327	G1514	18	0	117.8597737	27.91719826
574	4	1328	G1514	18	0	117.8527232	27.92405493
1598	6	931	G72	3	22	118.4075005	25.02200361
575	2	1328	G1514	18	0	117.8527232	27.92405493
1599	4	931	G72	3	22	118.4075005	25.02200361
1600	2	931	G72	3	22	118.4075005	25.02200361
1611	5	935	G72	1	24	118.507156	24.91907931
1612	3	935	G72	1	24	118.507156	24.91907931
1613	1	935	G72	1	24	118.507156	24.91907931
1614	6	935	G72	1	24	118.507156	24.91907931
1615	4	935	G72	1	24	118.507156	24.91907931
1616	2	935	G72	1	24	118.507156	24.91907931
1617	5	936	G72	2	23	118.4926813	24.934556
1618	3	936	G72	2	23	118.4926813	24.934556
1619	1	936	G72	2	23	118.4926813	24.934556
1620	6	936	G72	2	23	118.4926813	24.934556
1621	4	936	G72	2	23	118.4926813	24.934556
1622	2	936	G72	2	23	118.4926813	24.934556
1623	5	937	G72	4	21	118.3984776	25.04557397
1624	3	937	G72	4	21	118.3984776	25.04557397
1625	1	937	G72	4	21	118.3984776	25.04557397
1626	6	937	G72	4	21	118.3984776	25.04557397
1627	4	937	G72	4	21	118.3984776	25.04557397
1628	2	937	G72	4	21	118.3984776	25.04557397
1629	5	938	G72	7	18	118.248518	25.27094579
1630	3	938	G72	7	18	118.248518	25.27094579
1631	1	938	G72	7	18	118.248518	25.27094579
1632	6	938	G72	7	18	118.248518	25.27094579
1633	4	938	G72	7	18	118.248518	25.27094579
1634	2	938	G72	7	18	118.248518	25.27094579
636	3	1316	G1514	17	1	118.0055452	27.77446986
637	1	1316	G1514	17	1	118.0055452	27.77446986
638	4	1316	G1514	17	1	118.0055452	27.77446986
639	2	1316	G1514	17	1	118.0055452	27.77446986
640	4	1317	G1514	17	1	118.003821	27.77546679
641	2	1317	G1514	17	1	118.003821	27.77546679
642	3	1318	G1514	18	0	117.9425666	27.81542375
643	1	1318	G1514	18	0	117.9425666	27.81542375
644	4	1319	G1514	18	0	117.9406602	27.815823
645	2	1319	G1514	18	0	117.9406602	27.815823
646	3	1320	G1514	18	0	117.9124574	27.83763118
647	1	1320	G1514	18	0	117.9124574	27.83763118
648	4	1320	G1514	18	0	117.9124574	27.83763118
649	2	1320	G1514	18	0	117.9124574	27.83763118
650	3	1321	G1514	18	0	117.8760606	27.89949637
651	1	1321	G1514	18	0	117.8760606	27.89949637
652	3	1322	G1514	18	0	117.8668025	27.91031044
653	1	1322	G1514	18	0	117.8668025	27.91031044
654	4	1322	G1514	18	0	117.8668025	27.91031044
659	2	1219	S35	5	2	118.7105947	25.56122492
664	2	45593	S35	0	7	119.2313529	25.96024283
665	4	45593	S35	0	7	119.2313529	25.96024283
666	6	45593	S35	0	7	119.2313529	25.96024283
1694	5	950	G72	5	20	118.3915653	25.11833703
1695	3	950	G72	5	20	118.3915653	25.11833703
1696	8	969	G15	30	26	118.8892159	25.26566572
1697	6	969	G15	30	26	118.8892159	25.26566572
1698	4	969	G15	30	26	118.8892159	25.26566572
1699	2	969	G15	30	26	118.8892159	25.26566572
1700	7	951	G15	30	26	118.8892159	25.26566572
1701	5	951	G15	30	26	118.8892159	25.26566572
1702	3	951	G15	30	26	118.8892159	25.26566572
1703	1	951	G15	30	26	118.8892159	25.26566572
1704	8	951	G15	30	26	118.8892159	25.26566572
1705	6	951	G15	30	26	118.8892159	25.26566572
1706	4	951	G15	30	26	118.8892159	25.26566572
1707	2	951	G15	30	26	118.8892159	25.26566572
1716	7	952	G15	33	23	118.8056175	25.11056591
1717	5	952	G15	33	23	118.8056175	25.11056591
1718	3	952	G15	33	23	118.8056175	25.11056591
1720	8	952	G15	33	23	118.8056175	25.11056591
1721	6	952	G15	33	23	118.8056175	25.11056591
1722	4	952	G15	33	23	118.8056175	25.11056591
1723	2	952	G15	33	23	118.8056175	25.11056591
1724	7	953	G15	34	22	118.6893185	25.00894662
1725	5	953	G15	34	22	118.6893185	25.00894662
1726	3	953	G15	34	22	118.6893185	25.00894662
1727	1	953	G15	34	22	118.6893185	25.00894662
1728	8	953	G15	34	22	118.6893185	25.00894662
1729	6	953	G15	34	22	118.6893185	25.00894662
1730	4	953	G15	34	22	118.6893185	25.00894662
707	3	1278	G1514	4	14	119.1050949	27.12007028
1731	2	953	G15	34	22	118.6893185	25.00894662
708	1	1278	G1514	4	14	119.1050949	27.12007028
1733	4	954	G72	14	12	117.8430013	25.58343399
1734	2	954	G72	14	12	117.8430013	25.58343399
711	4	1365	G1514	4	14	119.1010614	27.12266139
1735	3	955	G72	13	13	117.8865772	25.52112529
712	2	1365	G1514	4	14	119.1010614	27.12266139
1736	1	955	G72	13	13	117.8865772	25.52112529
713	3	1370	G1514	6	12	118.9324667	27.18489737
1737	4	955	G72	13	13	117.8865772	25.52112529
714	1	1370	G1514	6	12	118.9324667	27.18489737
1738	2	955	G72	13	13	117.8865772	25.52112529
715	2	1371	G1514	6	12	118.926828	27.18685621
716	4	1371	G1514	6	12	118.926828	27.18685621
717	1	1372	G1514	6	12	118.7910652	27.33210917
718	3	1372	G1514	6	12	118.7910652	27.33210917
719	2	1372	G1514	6	12	118.7910652	27.33210917
1743	7	1016	G15	35	21	118.6707831	24.97938999
720	4	1372	G1514	6	12	118.7910652	27.33210917
1744	5	1016	G15	35	21	118.6707831	24.97938999
721	3	1189	G1514	6	12	118.9078925	27.1947346
1745	3	1016	G15	35	21	118.6707831	24.97938999
722	1	1189	G1514	6	12	118.9078925	27.1947346
1746	1	1016	G15	35	21	118.6707831	24.97938999
723	2	1373	G1514	9	9	118.4174092	27.47409962
724	4	1373	G1514	9	9	118.4174092	27.47409962
1748	6	1016	G15	35	21	118.6707831	24.97938999
725	1	1373	G1514	9	9	118.4174092	27.47409962
1749	4	1016	G15	35	21	118.6707831	24.97938999
726	3	1373	G1514	9	9	118.4174092	27.47409962
1750	2	1016	G15	35	21	118.6707831	24.97938999
1753	1	958	G25	23	7	116.974718	25.68034512
1754	4	958	G25	23	7	116.974718	25.68034512
1755	2	958	G25	23	7	116.974718	25.68034512
1756	1	959	G25	25	4	116.693294	25.52781738
1757	4	959	G25	25	4	116.693294	25.52781738
1758	2	959	G25	25	4	116.693294	25.52781738
1759	3	960	G25	23	6	116.8661055	25.67573981
1760	1	960	G25	23	6	116.8661055	25.67573981
1761	3	961	G25	24	6	116.7671903	25.65834974
1762	4	961	G25	24	6	116.7671903	25.65834974
1763	2	961	G25	24	6	116.7671903	25.65834974
1764	1	1383	S35	1	6	119.0006042	25.86282623
1765	2	1383	S35	1	6	119.0006042	25.86282623
1766	4	987	G25	23	6	116.8737869	25.67111878
1767	4	1015	G1501	5	1	119.3966943	26.22899576
1768	2	1015	G1501	5	1	119.3966943	26.22899576
1769	4	963	G1501	5	1	119.4081516	26.23657649
1770	2	963	G1501	5	1	119.4081516	26.23657649
1773	4	965	G1501	4	2	119.3290161	26.16349977
1774	2	965	G1501	4	2	119.3290161	26.16349977
1775	4	966	G1501	4	2	119.3341612	26.17673444
1776	2	966	G1501	4	2	119.3341612	26.17673444
758	1	1262	G76	6	12	117.1353292	24.92352934
761	2	1263	G76	6	12	117.1540256	24.9188835
1785	7	967	G15	27	29	119.1678245	25.45565544
1786	5	967	G15	27	29	119.1678245	25.45565544
1787	3	967	G15	27	29	119.1678245	25.45565544
1788	1	967	G15	27	29	119.1678245	25.45565544
1789	8	967	G15	27	29	119.1678245	25.45565544
766	1	1184	G1514	4	14	119.3048356	27.07314612
1790	6	967	G15	27	29	119.1678245	25.45565544
767	3	1184	G1514	4	14	119.3048356	27.07314612
1791	4	967	G15	27	29	119.1678245	25.45565544
768	2	1184	G1514	4	14	119.3048356	27.07314612
1792	2	967	G15	27	29	119.1678245	25.45565544
769	4	1184	G1514	4	14	119.3048356	27.07314612
1793	7	968	G15	29	27	119.0671858	25.36889608
1794	5	968	G15	29	27	119.0671858	25.36889608
1795	3	968	G15	29	27	119.0671858	25.36889608
1796	1	968	G15	29	27	119.0671858	25.36889608
1797	8	968	G15	29	27	119.0671858	25.36889608
1798	6	968	G15	29	27	119.0671858	25.36889608
1799	4	968	G15	29	27	119.0671858	25.36889608
1800	2	968	G15	29	27	119.0671858	25.36889608
1801	7	969	G15	30	26	118.8892159	25.26566572
778	1	1270	G1514	3	15	119.4371919	27.03569832
1802	5	969	G15	30	26	118.8892159	25.26566572
779	3	1270	G1514	3	15	119.4371919	27.03569832
1803	3	969	G15	30	26	118.8892159	25.26566572
1804	1	969	G15	30	26	118.8892159	25.26566572
1805	1	970	G25	21	8	117.1411418	25.76208406
1806	3	970	G25	21	8	117.1411418	25.76208406
1807	2	970	G25	21	8	117.1411418	25.76208406
1808	4	970	G25	21	8	117.1411418	25.76208406
1809	1	927	G1514	10	8	118.2176034	27.44955415
786	1	1274	G1514	6	12	118.8462309	27.31272857
1810	1	971	G25	22	7	117.0899953	25.7346213
787	3	1274	G1514	6	12	118.8462309	27.31272857
1811	3	971	G25	22	7	117.0899953	25.7346213
788	3	1275	G1514	6	12	118.8431446	27.31619709
1812	2	972	G25	22	7	117.0897982	25.73442316
789	1	1275	G1514	6	12	118.8431446	27.31619709
1813	4	972	G25	22	7	117.0897982	25.73442316
1814	1	973	G25	22	7	117.064144	25.71858818
1815	3	973	G25	22	7	117.064144	25.71858818
792	3	1310	G1514	3	15	119.5505548	27.04264533
1816	2	974	G25	22	7	117.0599053	25.71667777
793	2	1310	G1514	3	15	119.5505548	27.04264533
1817	4	974	G25	22	7	117.0599053	25.71667777
794	4	1310	G1514	3	15	119.5505548	27.04264533
1818	3	927	G1514	10	8	118.2176034	27.44955415
1821	1	977	G25	21	8	117.2391983	25.83722363
1822	3	977	G25	21	8	117.2391983	25.83722363
1823	2	978	G25	21	8	117.2224252	25.82754373
1824	4	978	G25	21	8	117.2224252	25.82754373
1825	2	979	G25	21	8	117.2380685	25.8369132
1826	4	979	G25	21	8	117.2380685	25.8369132
1827	3	980	G25	23	6	116.9428476	25.67229776
1828	1	980	G25	23	6	116.9428476	25.67229776
1829	3	981	G25	23	6	116.9343716	25.67255092
1830	1	981	G25	23	6	116.9343716	25.67255092
1831	4	982	G25	23	6	116.9279134	25.67269779
1832	2	982	G25	23	6	116.9279134	25.67269779
1833	4	983	G25	23	6	116.9428476	25.67229776
1834	2	983	G25	23	6	116.9428476	25.67229776
1835	3	984	G25	23	6	116.8993444	25.67219258
1836	1	984	G25	23	6	116.8993444	25.67219258
813	3	1174	S35	3	4	118.849246	25.77071261
1837	3	985	G25	23	6	116.8895135	25.67177668
1838	1	985	G25	23	6	116.8895135	25.67177668
815	5	1174	S35	3	4	118.849246	25.77071261
1839	3	986	G25	23	6	116.8796844	25.67136608
1840	1	986	G25	23	6	116.8796844	25.67136608
1841	2	987	G25	23	6	116.8737869	25.67111878
1842	4	988	G25	23	6	116.8993444	25.67219258
819	1	1282	G15	51	5	117.7213417	24.05745473
1843	2	988	G25	23	6	116.8993444	25.67219258
1844	4	989	G25	23	6	116.8895135	25.67177668
1845	2	989	G25	23	6	116.8895135	25.67177668
1846	4	990	G25	23	6	116.8796844	25.67136608
1847	2	990	G25	23	6	116.8796844	25.67136608
825	1	1283	G1514	2	16	119.6141094	27.05963346
826	3	1283	G1514	2	16	119.6141094	27.05963346
827	2	1284	G1514	2	16	119.6205753	27.06148391
828	4	1284	G1514	2	16	119.6205753	27.06148391
1852	3	958	G25	23	7	116.974718	25.68034512
829	3	1285	G1514	0	18	119.6701766	26.91979642
1853	3	959	G25	25	4	116.693294	25.52781738
830	1	1285	G1514	0	18	119.6701766	26.91979642
1854	1	961	G25	24	6	116.7671903	25.65834974
831	4	1285	G1514	0	18	119.6701766	26.91979642
1855	2	975	G1514	10	8	118.2093241	27.45209928
832	2	1285	G1514	0	18	119.6701766	26.91979642
833	3	1286	G1514	0	18	119.6800467	26.95230474
834	1	1286	G1514	0	18	119.6800467	26.95230474
835	4	1286	G1514	0	18	119.6800467	26.95230474
836	2	1286	G1514	0	18	119.6800467	26.95230474
1860	3	916	G15	25	31	119.3618559	25.87394683
837	3	1287	G1514	1	17	119.6787895	27.03283876
1861	1	916	G15	25	31	119.3618559	25.87394683
838	1	1287	G1514	1	17	119.6787895	27.03283876
1862	4	916	G15	25	31	119.3618559	25.87394683
839	4	1287	G1514	1	17	119.6787895	27.03283876
1863	2	916	G15	25	31	119.3618559	25.87394683
840	2	1287	G1514	1	17	119.6787895	27.03283876
1864	7	917	G15	26	30	119.3078946	25.72040287
1865	5	917	G15	26	30	119.3078946	25.72040287
1866	3	917	G15	26	30	119.3078946	25.72040287
1867	1	917	G15	26	30	119.3078946	25.72040287
1868	8	917	G15	26	30	119.3078946	25.72040287
1869	6	917	G15	26	30	119.3078946	25.72040287
846	2	1191	G1514	6	12	119.0004242	27.16964741
1870	4	917	G15	26	30	119.3078946	25.72040287
847	4	1191	G1514	6	12	119.0004242	27.16964741
1871	2	917	G15	26	30	119.3078946	25.72040287
848	3	1193	G25	28	1	116.4043327	25.07768861
1872	7	918	G15	27	30	119.2758129	25.56903821
849	1	1193	G25	28	1	116.4043327	25.07768861
1873	5	918	G15	27	30	119.2758129	25.56903821
850	3	1194	G25	28	1	116.4056561	25.07831545
1874	3	918	G15	27	30	119.2758129	25.56903821
851	1	1194	G25	28	1	116.4056561	25.07831545
1875	1	918	G15	27	30	119.2758129	25.56903821
1887	8	918	G15	27	30	119.2758129	25.56903821
1888	6	918	G15	27	30	119.2758129	25.56903821
1889	4	918	G15	27	30	119.2758129	25.56903821
1890	2	918	G15	27	30	119.2758129	25.56903821
1891	3	923	G72	14	12	117.8682752	25.55162957
868	3	1291	G25	27	2	116.4195826	25.11623148
1892	1	923	G72	14	12	117.8682752	25.55162957
881	1	1309	G1514	1	17	119.676312	27.05141905
882	3	1309	G1514	1	17	119.676312	27.05141905
883	2	1309	G1514	1	17	119.676312	27.05141905
884	4	1309	G1514	1	17	119.676312	27.05141905
885	1	1310	G1514	3	15	119.5505548	27.04264533
886	1	1210	G1514	8	10	118.5360368	27.42135085
887	3	1210	G1514	8	10	118.5360368	27.42135085
888	2	1211	G1514	10	8	118.2376979	27.44740116
889	4	1211	G1514	10	8	118.2376979	27.44740116
890	3	1211	G1514	10	8	118.2376979	27.44740116
891	1	1211	G1514	10	8	118.2376979	27.44740116
892	1	926	G1514	10	8	118.1965709	27.45684929
893	3	926	G1514	10	8	118.1965709	27.45684929
894	2	926	G1514	10	8	118.1965709	27.45684929
895	4	926	G1514	10	8	118.1965709	27.45684929
896	2	1136	G1514	7	11	118.7253568	27.36004346
897	4	1136	G1514	7	11	118.7253568	27.36004346
898	1	1136	G1514	7	11	118.7253568	27.36004346
899	3	1136	G1514	7	11	118.7253568	27.36004346
900	2	1137	G1514	7	11	118.6913715	27.3615267
901	4	1137	G1514	7	11	118.6913715	27.3615267
902	1	1137	G1514	7	11	118.6913715	27.3615267
903	3	1137	G1514	7	11	118.6913715	27.3615267
904	3	1368	G1514	4	14	119.0840639	27.14268345
905	1	1368	G1514	4	14	119.0840639	27.14268345
906	4	1368	G1514	4	14	119.0840639	27.14268345
907	2	1368	G1514	4	14	119.0840639	27.14268345
908	3	1185	G1514	4	14	119.0764335	27.14902653
909	1	1185	G1514	4	14	119.0764335	27.14902653
910	4	1185	G1514	4	14	119.0764335	27.14902653
911	2	1185	G1514	4	14	119.0764335	27.14902653
912	3	1186	G1514	6	12	118.8950501	27.22590074
913	1	1186	G1514	6	12	118.8950501	27.22590074
914	4	1186	G1514	6	12	118.8950501	27.22590074
1938	3	45474	G25	17	12	117.5420326	26.24636085
915	2	1186	G1514	6	12	118.8950501	27.22590074
1939	1	45474	G25	17	12	117.5420326	26.24636085
916	3	1276	G1514	4	14	119.0923016	27.12782585
1940	4	45474	G25	17	12	117.5420326	26.24636085
917	1	1276	G1514	4	14	119.0923016	27.12782585
1941	2	45474	G25	17	12	117.5420326	26.24636085
918	4	1276	G1514	4	14	119.0923016	27.12782585
919	2	1276	G1514	4	14	119.0923016	27.12782585
920	3	1187	G1514	6	12	118.8922829	27.23697845
1944	3	45476	G25	16	13	117.6045855	26.28262328
921	3	1369	G1514	6	12	118.9491128	27.17908247
1945	1	45476	G25	16	13	117.6045855	26.28262328
922	1	1369	G1514	6	12	118.9491128	27.17908247
1946	3	45477	G25	16	13	117.5969136	26.27652931
923	1	1187	G1514	6	12	118.8922829	27.23697845
1947	1	45477	G25	16	13	117.5969136	26.27652931
924	4	1188	G1514	6	12	118.8885674	27.24193603
925	2	1188	G1514	6	12	118.8885674	27.24193603
926	3	1190	G1514	6	12	118.899464	27.20666807
1950	3	45479	G25	16	13	117.638083	26.30611757
927	1	1190	G1514	6	12	118.899464	27.20666807
1951	1	45479	G25	16	13	117.638083	26.30611757
928	4	1369	G1514	6	12	118.9491128	27.17908247
1952	3	45480	G25	16	13	117.6284301	26.29863995
929	2	1369	G1514	6	12	118.9491128	27.17908247
1953	1	45480	G25	16	13	117.6284301	26.29863995
930	1	1191	G1514	6	12	119.0004242	27.16964741
931	3	1191	G1514	6	12	119.0004242	27.16964741
932	4	1192	G1514	6	12	118.8983923	27.21135017
1956	4	45482	G25	16	13	117.623566	26.29480358
933	2	1192	G1514	6	12	118.8983923	27.21135017
1957	2	45482	G25	16	13	117.623566	26.29480358
1958	4	45483	G25	16	13	117.6325671	26.30184464
1959	2	45483	G25	16	13	117.6325671	26.30184464
940	4	1193	G25	28	1	116.4043327	25.07768861
941	2	1193	G25	28	1	116.4043327	25.07768861
942	4	1194	G25	28	1	116.4056561	25.07831545
943	2	1194	G25	28	1	116.4056561	25.07831545
948	3	1306	G25	26	3	116.6174311	25.36083473
949	1	1306	G25	26	3	116.6174311	25.36083473
950	4	1306	G25	26	3	116.6174311	25.36083473
951	2	1306	G25	26	3	116.6174311	25.36083473
1982	3	45494	G72	15	11	117.7376659	25.6866078
1983	1	45494	G72	15	11	117.7376659	25.6866078
962	4	1209	G15	2	54	120.2649733	27.20635128
963	2	1209	G15	2	54	120.2649733	27.20635128
968	4	975	G1514	10	8	118.2093241	27.45209928
969	2	1374	G1514	10	8	118.3287076	27.42662838
970	4	1374	G1514	10	8	118.3287076	27.42662838
971	1	1374	G1514	10	8	118.3287076	27.42662838
972	3	1374	G1514	10	8	118.3287076	27.42662838
973	2	1366	G1514	8	10	118.6160092	27.38258692
974	4	1366	G1514	8	10	118.6160092	27.38258692
975	1	1366	G1514	8	10	118.6160092	27.38258692
976	3	1366	G1514	8	10	118.6160092	27.38258692
2000	4	45503	G72	15	11	117.7159964	25.68782288
2001	2	45503	G72	15	11	117.7159964	25.68782288
981	2	1123	G1514	8	10	118.557536	27.41071343
982	4	1123	G1514	8	10	118.557536	27.41071343
983	1	1123	G1514	8	10	118.557536	27.41071343
984	3	1123	G1514	8	10	118.557536	27.41071343
985	2	1210	G1514	8	10	118.5360368	27.42135085
986	4	1210	G1514	8	10	118.5360368	27.42135085
989	1	1219	S35	5	2	118.7105947	25.56122492
1003	1	1291	G25	27	2	116.4195826	25.11623148
1005	1	1221	G70	14	5	117.4618401	26.83079324
1007	4	1293	G25	27	2	116.4194494	25.11723269
2032	5	45518	G72	3	22	118.4109416	25.00717078
1009	2	1293	G25	27	2	116.4194494	25.11723269
2033	3	45518	G72	3	22	118.4109416	25.00717078
1010	4	1294	G25	27	2	116.4199108	25.11376213
2034	1	45518	G72	3	22	118.4109416	25.00717078
1011	1	1222	G70	15	4	117.3359076	26.93772258
1012	2	1294	G25	27	2	116.4199108	25.11376213
1013	3	1295	G25	27	2	116.4621444	25.19957181
1014	2	1222	G70	15	4	117.3359076	26.93772258
2038	5	45520	G72	4	21	118.398135	25.06757962
1015	1	1295	G25	27	2	116.4621444	25.19957181
2039	3	45520	G72	4	21	118.398135	25.06757962
1016	3	1296	G25	27	2	116.4621656	25.20278449
2040	1	45520	G72	4	21	118.398135	25.06757962
1017	1	1201	G70	15	4	117.3866339	26.91898139
2041	5	45521	G72	4	21	118.3959533	25.0874904
1018	1	1296	G25	27	2	116.4621656	25.20278449
2042	3	45521	G72	4	21	118.3959533	25.0874904
2043	1	45521	G72	4	21	118.3959533	25.0874904
2044	6	45522	G72	5	21	118.3925406	25.107923
1021	1	1202	G70	13	6	117.5416626	26.6878243
2045	4	45522	G72	5	21	118.3925406	25.107923
2046	2	45522	G72	5	21	118.3925406	25.107923
1023	4	1298	G25	27	2	116.4621259	25.19618503
2047	6	45523	G72	4	21	118.395824	25.09189347
